351 57 1024586.125
351 235 1210414.125
351 248 1732987.125
352 183 1213696.375
352 343 1345674.875
352 5 1534845.875
353 31 1424754.625
353 44 1580684.0
353 235 1618250.625
354 64 1107782.875
354 241 1149717.625
354 50 1879925.375
355 169 1083805.5
355 344 1831618.125
355 6 1945542.125
356 174 1152319.0
356 13 1421366.25
356 0 1900135.5
357 31 1240170.5
357 222 1336953.875
357 209 1561917.375
358 235 1045582.5625
358 57 1080050.25
358 248 1927946.375
359 131 1185366.625
359 304 1475743.75
359 291 1687196.625
360 40 1318692.5
360 199 1412715.5
360 27 1439076.875
361 18 1251135.5
361 195 1295230.25
361 5 1739406.0
362 169 1215579.5
362 330 1617536.875
362 343 1661972.75
363 228 1041039.25
363 50 1112425.375
363 242 1973188.875
364 18 1363600.625
364 195 1388029.75
364 5 1805700.25
365 131 1367747.875
365 144 1413328.5
365 303 1494408.5
366 209 1124322.5
366 31 1342699.875
366 18 1798531.5
367 104 1041483.375
367 292 1630294.25
367 279 1917115.75
368 221 1215066.75
368 44 1304374.625
368 208 1784311.5
369 64 1038731.625
369 241 1077738.75
369 254 1960080.375
370 44 1506956.5
370 221 1536345.25
370 31 1731213.875
371 339 1030868.6875
371 161 1100771.875
371 1 1558220.25
372 158 1226562.25
372 290 1338201.875
372 303 1350230.5
373 129 1272078.0
373 305 1578982.25
373 292 1734260.375
374 31 1222823.0
374 222 1401650.125
374 209 1567757.25
375 277 1180506.0
375 118 1202690.0
375 251 1831820.5
376 44 1435760.375
376 221 1459052.875
376 31 1793196.875
377 207 1258990.625
377 45 1727472.75
377 208 1883130.375
378 277 1328127.875
378 118 1386553.375
378 264 1610536.0
379 6 1267643.375
379 182 1588178.125
379 169 1591726.75
380 201 1330032.375
380 25 1549255.125
380 215 1593453.75
381 6 1218642.0
381 182 1438448.5
381 169 1778441.125
382 235 1297721.5
382 57 1592217.375
382 43 1668491.5
383 26 1034521.0625
383 214 1445646.375
383 201 1869789.625
384 57 1043758.3125
384 235 1087664.625
384 248 1840990.875
385 128 1488558.25
385 142 1490243.625
385 319 1549725.375
386 195 1340969.625
386 18 1429027.25
386 32 1500317.375
387 169 1456735.0
387 6 1582690.875
387 182 1860467.375
388 187 1317803.875
388 14 1434141.75
388 173 1505987.25
389 343 1107426.375
389 183 1204554.375
389 5 1588686.0
390 157 1071893.625
390 317 1159385.25
390 170 1999904.5
391 31 1152517.0
391 209 1310615.625
391 44 1784559.375
392 209 1113157.125
392 31 1418937.375
392 18 1729888.125
393 44 1467116.625
393 221 1495958.375
393 31 1744161.5
394 31 1241858.5
394 209 1579670.125
394 44 1709294.5
395 169 1134201.5
395 343 1738409.75
395 183 1802756.125
396 44 1423502.875
396 221 1443588.875
396 31 1819911.375
397 32 1094135.125
397 208 1315130.75
397 195 1903893.375
398 44 1516437.625
398 221 1544406.5
398 31 1740500.0
399 32 1326450.125
399 208 1629135.75
399 207 1642166.25
400 317 1044549.75
400 157 1372052.125
400 143 1906838.0
401 24 1447658.75
401 228 1493948.875
401 38 1765797.375
402 31 1388428.5
402 44 1521174.625
402 221 1635541.0
403 143 1239535.25
403 330 1533168.625
403 317 1585550.625
404 222 1342168.75
404 43 1399682.875
404 31 1664362.0
405 265 1267798.0
405 105 1361894.875
405 92 1723314.125
406 209 1041697.125
406 31 1080489.75
406 222 1962436.125
407 40 1347351.125
407 199 1395127.875
407 27 1584058.375
408 200 1210729.25
408 27 1376522.75
408 187 1663708.125
409 169 1133678.0
409 344 1826109.0
409 6 1847649.625
410 241 1021954.375
410 64 1037517.1875
410 77 2213333.75
411 1 1370513.625
411 187 1436502.875
411 174 1836869.25
412 169 1088649.5
412 343 1922357.125
412 183 1956075.25
413 187 1430265.75
413 1 1583062.125
413 13 1650459.375
414 32 1321903.0
414 208 1515089.625
414 207 1517532.0
415 27 1347657.875
415 40 1401903.375
415 199 1499192.0
416 235 1066585.0
416 57 1347545.125
416 44 1957503.625
417 129 1362960.0
417 293 1733172.5
417 305 1775563.25
418 31 1368179.625
418 44 1600703.875
418 235 1683875.5
419 43 1100266.875
419 222 1331786.875
419 248 1709923.375
420 118 1394803.125
420 105 1395720.375
420 277 1472094.875
421 187 1071105.5
421 27 1119810.625
421 200 1975699.25
422 304 1258078.125
422 130 1517212.875
422 143 1647821.875
423 155 1411171.25
423 331 1815395.625
423 319 1908750.25
424 290 1047053.625
424 158 1291051.625
424 132 1305010.875
425 27 1230586.125
425 187 1506683.5
425 40 1539359.25
426 266 1459810.875
426 104 1506492.875
426 279 1749359.75
427 174 1018712.0
427 13 1779779.5
427 1 1869442.625
428 195 1079396.375
428 18 1142191.25
428 32 2000643.375
429 131 1098514.0
429 291 1544311.25
429 304 1568706.125
430 144 1372744.875
430 131 1393160.625
430 303 1473408.5
431 343 1071626.0
431 183 1504039.375
431 157 1853687.0
432 31 1283123.625
432 235 1678555.875
432 209 1695787.875
433 18 1144763.25
433 195 1171400.875
433 5 1911229.25
434 174 1204773.375
434 1 1523317.75
434 13 1650170.125
435 258 1305870.875
435 72 1501016.125
435 98 1866750.5
436 31 1424387.625
436 222 1484989.0
436 235 1669310.75
437 44 1221482.75
437 221 1278247.875
437 31 1702657.375
438 31 1024580.9375
438 209 1226052.75
438 222 1813118.5
439 40 1172600.625
439 199 1255434.25
439 213 1660152.625
440 72 1227117.25
440 86 1588778.625
440 232 1610073.625
441 241 1238909.625
441 64 1317496.25
441 227 1715105.25
442 143 1118552.0
442 304 1468128.5
442 318 1967187.75
443 161 1052431.75
443 1 1165447.0
443 339 1274627.375
444 31 1128826.5
444 209 1466704.5
444 222 1613207.625
445 40 1077166.25
445 199 1113938.0
445 27 1842786.625
446 44 1264072.375
446 221 1302726.25
446 31 1761169.125
447 130 1464531.375
447 318 1525458.25
447 155 1793724.125
448 26 1021301.8125
448 214 1538364.75
448 201 1939382.5
449 77 1328117.0
449 253 1638207.0
449 240 1674445.875
450 18 1315762.75
450 195 1384551.75
450 209 1502639.875
