351 57 1167443.875
351 248 1350459.25
351 235 1441799.625
352 183 1131085.75
352 343 1748650.125
352 5 2005831.125
353 44 1195890.125
353 222 1634481.5
353 31 1643497.125
354 64 1203512.75
354 241 1557531.375
354 228 1706176.5
355 169 1182914.875
355 344 1338312.375
355 6 1635395.25
356 174 1376090.625
356 188 1562444.75
356 1 1572940.375
357 31 1038584.625
357 222 1060732.25
357 209 1908853.0
358 235 1290007.875
358 57 1327921.5
358 248 1604123.25
359 131 1083403.125
359 304 1092972.625
359 144 1863307.875
360 40 1158108.5
360 187 1474102.0
360 213 1703583.625
361 18 1345912.625
361 183 1466994.125
361 195 1719788.625
362 330 1439310.75
362 157 1673465.5
362 169 1678366.75
363 228 1276011.875
363 50 1375817.875
363 242 1656322.875
364 183 1400916.0
364 18 1532128.125
364 6 1686411.5
365 291 1253411.25
365 144 1342393.125
365 118 1838500.375
366 209 1053833.125
366 18 1413454.5
366 31 1807535.875
367 104 1291631.875
367 279 1398802.75
367 292 1904668.5
368 221 1089183.25
368 32 1760553.875
368 44 1805287.125
369 64 1135371.25
369 241 1429180.25
369 254 1744552.625
370 209 1281080.5
370 44 1645723.25
370 32 1661637.875
371 339 1243735.25
371 161 1386675.75
371 148 1729455.125
372 303 1053474.5
372 158 1206124.75
372 132 1561854.75
373 104 1571183.875
373 293 1666641.5
373 129 1670910.75
374 31 1063624.25
374 222 1072903.5
374 209 1876022.625
375 277 1401601.875
375 106 1423693.375
375 118 1558313.0
376 209 1351251.25
376 44 1603857.375
376 32 1643747.125
377 207 1429189.75
377 33 1453183.25
377 208 1505438.625
378 106 1198765.25
378 277 1396788.25
378 251 1476028.25
379 6 1141945.125
379 169 1282435.75
379 344 1450536.0
380 25 1355013.25
380 215 1414163.875
380 201 1720844.375
381 6 1037817.0
381 169 1486273.25
381 344 1684827.125
382 222 1370492.125
382 31 1593168.25
382 44 1667344.625
383 26 1127721.375
383 201 1404748.375
383 214 1808447.5
384 57 1252354.375
384 235 1338959.125
384 248 1502207.625
385 306 1245378.5
385 142 1472821.375
385 129 1970790.875
386 195 1070872.125
386 32 1397612.875
386 18 1872153.375
387 6 1216625.375
387 169 1379641.875
387 344 1605206.75
388 187 1050881.0
388 14 1200856.5
388 173 1836258.0
389 183 1348772.5
389 343 1462880.0
389 170 1803898.375
390 317 1214039.0
390 157 1419711.375
390 330 1618621.5
391 209 1220236.5
391 31 1547457.375
391 44 1552451.375
392 209 1161609.125
392 18 1298925.75
392 31 1833536.125
393 209 1308599.125
393 44 1610876.25
393 32 1670615.25
394 44 1341912.25
394 31 1484854.0
394 222 1536684.875
395 169 1463801.625
395 183 1544259.625
395 344 1632575.0
396 209 1372932.375
396 44 1604948.875
396 32 1627903.875
397 32 1077091.25
397 195 1521544.625
397 208 1763283.0
398 209 1280960.875
398 32 1648046.75
398 44 1660324.625
399 19 1512260.625
399 195 1738711.875
399 208 1741282.25
400 317 1354566.25
400 144 1527327.125
400 157 1632476.5
401 38 1304087.125
401 216 1489071.5
401 24 1549643.5
402 44 1195862.875
402 209 1609471.25
402 31 1673073.25
403 157 1421546.25
403 330 1592419.5
403 143 1621162.375
404 222 1107920.125
404 31 1322429.625
404 57 1890610.625
405 265 1035613.8125
405 92 1433958.875
405 118 1748014.625
406 209 1262401.125
406 31 1350521.75
406 222 1627010.5
407 187 1230091.375
407 40 1448952.25
407 14 1706879.125
408 27 1074768.5
408 200 1141809.25
408 13 1965220.375
409 169 1178777.375
409 344 1349249.875
409 6 1536383.125
410 241 1218354.625
410 64 1334043.875
410 77 1948659.375
411 174 1343848.375
411 1 1395787.125
411 14 1497690.875
412 169 1319458.25
412 344 1485794.75
412 183 1632865.125
413 174 1296822.125
413 1 1435207.25
413 14 1750500.5
414 208 1517009.625
414 19 1650049.625
414 32 1814428.625
415 40 1224081.625
415 187 1403700.0
415 27 1772265.75
416 235 1310160.375
416 44 1445313.0
416 57 1644539.625
417 293 1253601.0
417 129 1546289.375
417 104 1707882.875
418 44 1227770.375
418 31 1603307.25
418 222 1615266.875
419 222 1328191.875
419 43 1474495.375
419 236 1518974.75
420 265 1249500.0
420 118 1346116.125
420 92 1824356.625
421 187 1292932.25
421 27 1383165.375
421 200 1610791.375
422 318 1532506.5
422 304 1678046.75
422 143 1709033.5
423 319 1385926.25
423 130 1525644.75
423 155 1691842.0
424 132 1339496.5
424 290 1346829.25
424 303 1381328.0
425 187 1306438.25
425 40 1350592.875
425 27 1650621.75
426 279 1335632.75
426 91 1585465.875
426 266 1608370.375
427 174 1251807.5
427 1 1354171.25
427 188 1942278.125
428 195 1072984.125
428 18 1567159.125
428 32 1830569.125
429 131 1094449.75
429 304 1158245.5
429 291 1725243.75
430 144 1164942.875
430 291 1491443.125
430 317 1696205.5
431 343 1326878.0
431 170 1379823.5
431 330 1806603.625
432 222 1229423.25
432 31 1273093.0
432 44 1572601.5
433 18 1316736.875
433 195 1543977.375
433 183 1633146.25
434 174 1043295.3125
434 1 1160659.625
434 188 2084985.5
435 86 1404637.5
435 246 1487937.625
435 72 1559170.0
436 222 1106545.75
436 31 1233355.375
436 44 1801135.125
437 44 1260028.375
437 209 1506969.125
437 221 1730315.75
438 31 1219806.75
438 222 1392927.75
438 209 1397616.375
439 40 1057618.0
439 213 1507535.375
439 187 1680091.5
440 86 1303771.125
440 232 1460680.375
440 72 1567279.875
441 241 1215724.75
441 51 1572441.25
441 64 1793959.25
442 143 1452126.25
442 318 1474803.25
442 304 1478521.75
443 161 1310329.625
443 339 1357762.75
443 1 1417496.375
444 31 1137553.125
444 222 1191391.375
444 209 1682187.375
445 40 1217054.625
445 199 1499778.5
445 187 1595177.125
446 44 1381398.75
446 209 1458813.625
446 221 1714162.25
447 130 1125700.25
447 305 1598387.25
447 319 1879853.0
448 26 1247717.5
448 201 1427071.875
448 214 1826487.125
449 52 1505291.625
449 241 1700777.0
449 77 1745539.25
450 18 1161608.0
450 209 1244628.5
450 195 1726696.25
