0,Tokyo,35.6895,139.69171,0
1,Delhi,28.66667,77.21667,0
2,Shanghai,31.22222,121.45806,0
3,São-Paulo,-23.5475,-46.63611,0
4,Mumbai-(Bombay),19.073975,72.880838,0
5,Ciudad-de-México-(Mexico-City),19.427318,-99.141869,0
6,Beijing,39.9075,116.39723,0
7,Kinki-M.M.A.-(Osaka),34.675834,135.553823,0
8,Al-Qahirah-(Cairo),30.039173,31.239411,0
9,New-York-Newark,40.717042,-74.003663,0
10,Dhaka,23.7104,90.40744,0
11,Karachi,24.9056,67.0822,0
12,Buenos-Aires,-34.605083,-58.400368,0
13,Kolkata-(Calcutta),22.533455,88.356045,0
14,Istanbul,41.0138,28.9497,0
15,Chongqing,29.56278,106.55278,0
16,Lagos,6.45306,3.39583,0
17,Manila,14.6042,120.9822,0
18,Rio-de-Janeiro,-22.90278,-43.2075,0
19,Guangzhou--Guangdong,23.125457,113.257374,0
20,Los-Angeles-Long-Beach-Santa-Ana,34.031656,-118.241716,0
21,Moskva-(Moscow),55.754996,37.621849,0
22,Kinshasa,-4.32758,15.31357,0
23,Tianjin,39.108842,117.18862,0
24,Paris,48.85341,2.3488,0
25,Shenzhen,22.541487,114.063427,0
26,Jakarta,-6.211831,106.841646,0
27,London,51.50853,-0.12574,0
28,Bangalore,12.97194,77.59369,0
29,Lima,-12.04318,-77.02824,0
30,Chennai-(Madras),13.053091,80.24875,0
31,Seoul,37.56826,126.97783,0
32,Bogotá,4.60971,-74.08175,0
33,Chukyo-M.M.A.-(Nagoya),35.18147,136.90641,0
34,Johannesburg,-26.20227,28.04363,0
35,Krung-Thep-(Bangkok),13.721964,100.525248,0
36,Hyderabad,17.37528,78.47444,0
37,Chicago,41.85003,-87.65005,0
38,Lahore,31.5497222,74.3436111,0
39,Tehran,35.69439,51.42151,0
40,Wuhan,30.58333,114.26667,0
41,Chengdu,30.66667,104.06667,0
42,Dongguan,23.02116,113.741411,0
43,Nanjing--Jiangsu,32.048183,118.789812,0
44,Ahmadabad,23.03333,72.61667,0
45,Hong-Kong,22.279588,114.188697,0
46,Thành-Pho-Ho-Chí-Minh-(Ho-Chi-Minh-City),10.75,106.66667,0
47,Foshan,23.022778,113.119953,0
48,Kuala-Lumpur,3.1412,101.68653,0
49,Baghdad,33.34058,44.40088,0
50,Santiago,-33.45694,-70.64827,0
51,Hangzhou,30.29365,120.16142,0
52,Ar-Riyadh-(Riyadh),24.690466,46.709566,0
53,Shenyang,41.79222,123.43278,0
54,Madrid,40.4165,-3.70256,0
55,Xi'an--Shaanxi,34.289413,108.940242,0
56,Toronto,43.70011,-79.4163,0
57,Miami,25.789097,-80.204044,0
58,Pune-(Poona),18.516057,73.861578,0
59,Belo-Horizonte,-19.92083,-43.93778,0
60,Dallas-Fort-Worth,32.72541,-97.32085,0
61,Surat,21.16667,72.83333,0
62,Houston,29.7601927,-95.3693896,0
63,Singapore,1.28967,103.85007,0
64,Philadelphia,39.95234,-75.16379,0
65,Kitakyushu-Fukuoka-M.M.A.,33.6064,130.4181,0
66,Luanda,-8.83682,13.23432,0
67,Suzhou--Jiangsu,31.302068,120.585259,0
68,Haerbin,45.756325,126.646688,0
69,Barcelona,41.38879,2.15899,0
70,Atlanta,33.76,-84.4,0
71,Al-Khartum-(Khartoum),15.55177,32.53241,0
72,Dar-es-Salaam,-6.82349,39.26951,0
73,Sankt-Peterburg-(Saint-Petersburg),59.929858,30.326228,0
74,Washington--D.C.,38.89511,-77.03637,0
75,Abidjan,5.345339,-4.026789,0
76,Guadalajara,20.66667,-103.33333,0
77,Yangon,16.80528,96.15611,0
78,Al-Iskandariyah-(Alexandria),31.192471,29.904596,0
79,Ankara,39.91987,32.85427,0
80,Kabul,34.528887,69.17246,0
81,Qingdao,36.09861,120.37194,0
82,Chittagong,22.33306,91.83639,0
83,Monterrey,25.66667,-100.31667,0
84,Sydney,-33.86785,151.20732,0
85,Dalian,38.913811,121.602322,0
86,Xiamen,24.47979,118.08187,0
87,Zhengzhou,34.75778,113.64861,0
88,Boston,42.347919,-71.06453,0
89,Melbourne,-37.814,144.96332,0
90,Brasília,-15.77972,-47.92972,0
91,Jiddah,21.51694,39.21917,0
92,Phoenix-Mesa,33.449454,-112.074743,0
93,Ji'nan--Shandong,36.676721,116.997142,0
94,Montréal,45.50884,-73.58781,0
95,Shantou,23.36814,116.71479,0
96,Nairobi,-1.28333,36.81667,0
97,Medellín,6.25184,-75.56359,0
98,Fortaleza,-3.74117,-38.543575,0
99,Kunming,25.03889,102.71833,0
100,Changchun,43.882494,125.293964,0
101,Changsha,28.227394,112.938269,0
102,Recife,-8.05389,-34.88111,0
103,Roma-(Rome),41.894743,12.481142,0
104,Zhongshan,22.517992,113.383938,0
105,Cape-Town,-33.92584,18.42322,0
106,Detroit,42.387137,-83.102641,0
107,Hà-Noi,21.0245,105.84117,0
108,Tel-Aviv-Yafo-(Tel-Aviv-Jaffa),32.08088,34.78057,0
109,Pôrto-Alegre,-30.03306,-51.23,0
110,Kano,12.00012,8.51672,0
111,Salvador,-12.97111,-38.51083,0
112,Faisalabad,31.4166667,73.0833333,0
113,Berlin,52.52437,13.41053,0
114,Halab-(Aleppo),36.213611,37.157141,0
115,Dakar,14.6937,-17.44406,0
116,Dar-el-Beida-(Casablanca),33.59278,-7.61916,0
117,Ürümqi-(Wulumqi),43.82532,87.603835,0
118,Taiyuan--Shanxi,37.861899,112.551572,0
119,Curitiba,-25.42778,-49.27306,0
120,Jaipur,26.91667,75.81667,0
121,Shizuoka-Hamamatsu-M.M.A.,34.9769,138.3831,0
122,Hefei,31.86389,117.28083,0
123,San-Francisco-Oakland,37.759881,-122.437392,0
124,Fuzhou--Fujian,26.075352,119.298946,0
125,Shijiazhuang,38.041845,114.510846,0
126,Seattle,47.626353,-122.333144,0
127,Addis-Ababa,9.02497,38.74689,0
128,Nanning,22.81667,108.31667,0
129,Lucknow,26.85,80.91667,0
130,Busan,35.10278,129.04028,0
131,Wenzhou,27.99942,120.66682,0
132,Ibadan,7.38778,3.89639,0
133,Ningbo,29.87819,121.54945,0
134,San-Diego,32.71533,-117.15726,0
135,Milano-(Milan),45.55307,9.18344,0
136,Yaoundé,3.86667,11.51667,0
137,Athínai-(Athens),37.95342,23.74897,0
138,Wuxi--Jiangsu,31.536681,120.298556,0
139,Campinas,-22.910942,-47.065587,0
140,Izmir,38.41273,27.13838,0
141,Kanpur,26.46667,80.35,0
142,Mashhad,36.297,59.6062,0
143,Puebla,19.041532,-98.204962,0
144,Sana'a',15.353115,44.20782,0
145,Santo-Domingo,18.489591,-69.901805,0
146,Douala,4.04827,9.70428,0
147,Kyiv-(Kiev),50.445368,30.518634,0
148,Ciudad-de-Guatemala-(Guatemala-City),14.612652,-90.530746,0
149,Caracas,10.48801,-66.87919,0
150,Durban,-29.8579,31.0292,0
151,Lisboa-(Lisbon),38.71686,-9.139867,0
152,Guiyang,26.58333,106.71667,0
153,P'yongyang,39.03385,125.75432,0
154,Surabaya,-7.288838,112.741078,0
155,Minneapolis-St.-Paul,44.97307,-93.269895,0
156,Al-Kuwayt-(Kuwait-City),29.353429,47.982244,0
157,Tangshan--Hebei,39.628484,118.179931,0
158,Ouagadougou,12.36423,-1.53834,0
159,Lanzhou,36.05639,103.79222,0
160,Guayaquil,-2.16667,-79.9,0
161,Incheon,37.45361,126.73167,0
162,Nagpur,21.15,79.1,0
163,Taipei,25.047009,121.54568,0
164,Tampa-St.-Petersburg,27.94752,-82.45843,0
165,Cali,3.43722,-76.5225,0
166,Manchester,53.48095,-2.23743,0
167,Antananarivo,-18.91368,47.53613,0
168,Denver-Aurora,39.734283,-104.983138,0
169,Kumasi,6.68848,-1.62443,0
170,El-Djazaïr--(Algiers),36.7525,3.04197,0
171,Changzhou--Jiangsu,31.794314,119.958917,0
172,Sapporo,43.06417,141.34694,0
173,Dimashq-(Damascus),33.508586,36.308444,0
174,Coimbatore,10.9925,76.96139,0
175,Bandung,-6.919393,107.608456,0
176,Nanchang,28.68333,115.88333,0
177,Bamako,12.65,-8,0
178,Birmingham-(West-Midlands),52.4814,-1.8998,0
179,Rawalpindi,33.6,73.0666667,0
180,Vancouver,49.24966,-123.11934,0
181,Kozhikode-(Calicut),11.25669,75.778724,0
182,San-Juan,18.46633,-66.10572,0
183,Indore,22.71792,75.8333,0
184,Abuja,9.05735,7.48976,0
185,Port-au-Prince,18.53917,-72.335,0
186,Zibo,36.79056,118.06333,0
187,Kochi-(Cochin),9.930693,76.260069,0
188,Dubayy-(Dubai),25.272061,55.311265,0
189,Baku,40.37767,49.89201,0
190,Asunción,-25.30066,-57.63591,0
191,Port-Harcourt,4.77742,7.0134,0
192,Thrissur,10.51667,76.21667,0
193,Huizhou,23.08333,114.4,0
194,Goiânia,-16.67861,-49.25389,0
195,Accra,5.55602,-0.1969,0
196,Las-Vegas,36.169941,-115.13983,0
197,Baltimore,39.29038,-76.61219,0
198,Tashkent,41.26465,69.21627,0
199,Daegu,35.87028,128.59111,0